856 1699
1 2
1 3
2 3
3 4
2 4
4 5
2 5
5 6
2 6
6 7
2 7
7 8
2 8
8 9
2 9
9 10
2 10
10 11
2 11
11 12
2 12
12 13
2 13
13 14
2 14
14 15
2 15
15 16
2 16
16 17
2 17
17 18
2 18
18 19
2 19
19 20
2 20
20 21
2 21
21 22
2 22
22 23
2 23
23 24
2 24
24 25
2 25
25 26
2 26
26 27
2 27
27 28
2 28
28 29
2 29
29 30
2 30
30 31
2 31
31 32
2 32
32 33
2 33
33 34
2 34
34 35
2 35
35 36
2 36
36 37
2 37
37 38
2 38
38 39
2 39
39 40
2 40
40 41
2 41
41 42
2 42
42 43
2 43
43 44
2 44
44 45
2 45
45 46
2 46
46 47
2 47
47 48
2 48
48 49
2 49
49 50
2 50
50 51
2 51
51 52
2 52
52 53
2 53
53 54
2 54
54 55
2 55
55 56
2 56
56 57
2 57
57 58
2 58
58 59
2 59
59 60
2 60
60 61
2 61
61 62
2 62
62 63
2 63
63 64
2 64
64 65
2 65
65 66
2 66
66 67
2 67
67 68
2 68
68 69
2 69
69 70
2 70
70 71
2 71
71 72
2 72
72 73
2 73
73 74
2 74
74 75
2 75
75 76
2 76
76 77
2 77
77 78
2 78
78 79
2 79
79 80
2 80
80 81
2 81
81 82
2 82
82 83
2 83
83 84
2 84
84 85
2 85
85 86
2 86
86 87
2 87
87 88
2 88
88 89
2 89
89 90
2 90
90 91
2 91
91 92
2 92
92 93
2 93
93 94
2 94
94 95
2 95
95 96
2 96
96 97
2 97
97 98
2 98
98 99
2 99
99 100
2 100
100 101
2 101
101 102
2 102
102 103
2 103
103 104
2 104
104 105
2 105
105 106
2 106
106 107
2 107
107 108
2 108
108 109
2 109
109 110
2 110
110 111
2 111
111 112
2 112
112 113
2 113
113 114
2 114
114 115
2 115
115 116
2 116
116 117
2 117
117 118
2 118
118 119
2 119
119 120
2 120
120 121
2 121
121 122
2 122
122 123
2 123
123 124
2 124
124 125
2 125
125 126
2 126
126 127
2 127
127 128
2 128
128 129
2 129
129 130
2 130
130 131
2 131
131 132
2 132
132 133
2 133
133 134
2 134
134 135
2 135
135 136
2 136
136 137
2 137
137 138
2 138
138 139
2 139
139 140
2 140
140 141
2 141
141 142
2 142
142 143
2 143
143 144
2 144
144 145
2 145
145 146
2 146
146 147
2 147
147 148
2 148
148 149
2 149
149 150
2 150
150 151
2 151
151 152
2 152
152 153
2 153
153 154
2 154
154 155
2 155
155 156
2 156
156 157
2 157
157 158
2 158
158 159
2 159
159 160
2 160
160 161
2 161
161 162
2 162
162 163
2 163
163 164
2 164
164 165
2 165
165 166
2 166
166 167
2 167
167 168
2 168
168 169
2 169
169 170
2 170
170 171
2 171
171 172
2 172
172 173
2 173
173 174
2 174
174 175
2 175
175 176
2 176
176 177
2 177
177 178
2 178
178 179
2 179
179 180
2 180
180 181
2 181
181 182
2 182
182 183
2 183
183 184
2 184
184 185
2 185
185 186
2 186
186 187
2 187
187 188
2 188
188 189
2 189
189 190
2 190
190 191
2 191
191 192
2 192
192 193
2 193
193 194
2 194
194 195
2 195
195 196
2 196
196 197
2 197
197 198
2 198
198 199
2 199
199 200
2 200
200 201
2 201
201 202
2 202
202 203
2 203
203 204
2 204
204 205
2 205
205 206
2 206
206 207
2 207
207 208
2 208
208 209
2 209
209 210
2 210
210 211
2 211
211 212
2 212
212 213
2 213
213 214
2 214
214 215
2 215
215 216
2 216
216 217
2 217
217 218
2 218
218 219
2 219
219 220
2 220
220 221
2 221
221 222
2 222
222 223
2 223
223 224
2 224
224 225
2 225
225 226
2 226
226 227
2 227
227 228
2 228
228 229
2 229
229 230
2 230
230 231
2 231
231 232
2 232
232 233
2 233
233 234
2 234
234 235
2 235
235 236
2 236
236 237
2 237
237 238
2 238
238 239
2 239
239 240
2 240
240 241
2 241
241 242
2 242
242 243
2 243
243 244
2 244
244 245
2 245
245 246
2 246
246 247
2 247
247 248
2 248
248 249
2 249
249 250
2 250
250 251
2 251
251 252
2 252
252 253
2 253
253 254
2 254
254 255
2 255
255 256
2 256
256 257
2 257
257 258
2 258
258 259
2 259
259 260
2 260
260 261
2 261
261 262
2 262
262 263
2 263
263 264
2 264
264 265
2 265
265 266
2 266
266 267
2 267
267 268
2 268
268 269
2 269
269 270
2 270
270 271
2 271
271 272
2 272
272 273
2 273
273 274
2 274
274 275
2 275
275 276
2 276
276 277
2 277
277 278
2 278
278 279
2 279
279 280
2 280
280 281
2 281
281 282
2 282
282 283
2 283
283 284
2 284
284 285
2 285
285 286
2 286
286 287
2 287
287 288
2 288
288 289
2 289
289 290
2 290
290 291
2 291
291 292
2 292
292 293
2 293
293 294
2 294
294 295
2 295
295 296
2 296
296 297
2 297
297 298
2 298
298 299
2 299
299 300
2 300
300 301
2 301
301 302
2 302
302 303
2 303
303 304
2 304
304 305
2 305
305 306
2 306
306 307
2 307
307 308
2 308
308 309
2 309
309 310
2 310
310 311
2 311
311 312
2 312
312 313
2 313
313 314
2 314
314 315
2 315
315 316
2 316
316 317
2 317
317 318
2 318
318 319
2 319
319 320
2 320
320 321
2 321
321 322
2 322
322 323
2 323
323 324
2 324
324 325
2 325
325 326
2 326
326 327
2 327
327 328
2 328
328 329
2 329
329 330
2 330
330 331
2 331
331 332
2 332
332 333
2 333
333 334
2 334
334 335
2 335
335 336
2 336
336 337
2 337
337 338
2 338
338 339
2 339
339 340
2 340
340 341
2 341
341 342
2 342
342 343
2 343
343 344
2 344
344 345
2 345
345 346
2 346
346 347
2 347
347 348
2 348
348 349
2 349
349 350
2 350
350 351
2 351
351 352
2 352
352 353
2 353
353 354
2 354
354 355
2 355
355 356
2 356
356 357
2 357
357 358
2 358
358 359
2 359
359 360
2 360
360 361
2 361
361 362
2 362
362 363
2 363
363 364
2 364
364 365
2 365
365 366
2 366
366 367
2 367
367 368
2 368
368 369
2 369
369 370
2 370
370 371
2 371
371 372
2 372
372 373
2 373
373 374
2 374
374 375
2 375
375 376
2 376
376 377
2 377
377 378
2 378
378 379
2 379
379 380
2 380
380 381
2 381
381 382
2 382
382 383
2 383
383 384
2 384
384 385
2 385
385 386
2 386
386 387
2 387
387 388
2 388
388 389
2 389
389 390
2 390
390 391
2 391
391 392
2 392
392 393
2 393
393 394
2 394
394 395
2 395
395 396
2 396
396 397
2 397
397 398
2 398
398 399
2 399
399 400
2 400
400 401
2 401
401 402
2 402
402 403
2 403
403 404
2 404
404 405
2 405
405 406
2 406
406 407
2 407
407 408
2 408
408 409
2 409
409 410
2 410
410 411
2 411
411 412
2 412
412 413
2 413
413 414
2 414
414 415
2 415
415 416
2 416
416 417
2 417
417 418
2 418
418 419
2 419
419 420
2 420
420 421
2 421
421 422
2 422
422 423
2 423
423 424
2 424
424 425
2 425
425 426
2 426
426 427
2 427
427 428
2 428
428 429
2 429
429 430
2 430
430 431
2 431
431 432
2 432
432 433
2 433
433 434
2 434
434 435
2 435
435 436
2 436
436 437
2 437
437 438
2 438
438 439
2 439
439 440
2 440
440 441
2 441
441 442
2 442
442 443
2 443
443 444
2 444
444 445
2 445
445 446
2 446
446 447
2 447
447 448
2 448
448 449
2 449
449 450
2 450
450 451
2 451
451 452
2 452
452 453
2 453
453 454
2 454
454 455
2 455
455 456
2 456
456 457
2 457
457 458
2 458
458 459
2 459
459 460
2 460
460 461
2 461
461 462
2 462
462 463
2 463
463 464
2 464
464 465
2 465
465 466
2 466
466 467
2 467
467 468
2 468
468 469
2 469
469 470
2 470
470 471
2 471
471 472
2 472
472 473
2 473
473 474
2 474
474 475
2 475
475 476
2 476
476 477
2 477
477 478
2 478
478 479
2 479
479 480
2 480
480 481
2 481
481 482
2 482
482 483
2 483
483 484
2 484
484 485
2 485
485 486
2 486
486 487
2 487
487 488
2 488
488 489
2 489
489 490
2 490
490 491
2 491
491 492
2 492
492 493
2 493
493 494
2 494
494 495
2 495
495 496
2 496
496 497
2 497
497 498
2 498
498 499
2 499
499 500
2 500
500 501
2 501
501 502
2 502
502 503
2 503
503 504
2 504
504 505
2 505
505 506
2 506
506 507
2 507
507 508
2 508
508 509
2 509
509 510
2 510
510 511
2 511
511 512
2 512
512 513
2 513
513 514
2 514
514 515
2 515
515 516
2 516
516 517
2 517
517 518
2 518
518 519
2 519
519 520
2 520
520 521
2 521
521 522
2 522
522 523
2 523
523 524
2 524
524 525
2 525
525 526
2 526
526 527
2 527
527 528
2 528
528 529
2 529
529 530
2 530
530 531
2 531
531 532
2 532
532 533
2 533
533 534
2 534
534 535
2 535
535 536
2 536
536 537
2 537
537 538
2 538
538 539
2 539
539 540
2 540
540 541
2 541
541 542
2 542
542 543
2 543
543 544
2 544
544 545
2 545
545 546
2 546
546 547
2 547
547 548
2 548
548 549
2 549
549 550
2 550
550 551
2 551
551 552
2 552
552 553
2 553
553 554
2 554
554 555
2 555
555 556
2 556
556 557
2 557
557 558
2 558
558 559
2 559
559 560
2 560
560 561
2 561
561 562
2 562
562 563
2 563
563 564
2 564
564 565
2 565
565 566
2 566
566 567
2 567
567 568
2 568
568 569
2 569
569 570
2 570
570 571
2 571
571 572
2 572
572 573
2 573
573 574
2 574
574 575
2 575
575 576
2 576
576 577
2 577
577 578
2 578
578 579
2 579
579 580
2 580
580 581
2 581
581 582
2 582
582 583
2 583
583 584
2 584
584 585
2 585
585 586
2 586
586 587
2 587
587 588
2 588
588 589
2 589
589 590
2 590
590 591
2 591
591 592
2 592
592 593
2 593
593 594
2 594
594 595
2 595
595 596
2 596
596 597
2 597
597 598
2 598
598 599
2 599
599 600
2 600
600 601
2 601
601 602
2 602
602 603
2 603
603 604
2 604
604 605
2 605
605 606
2 606
606 607
2 607
607 608
2 608
608 609
2 609
609 610
2 610
610 611
2 611
611 612
2 612
612 613
2 613
613 614
2 614
614 615
2 615
615 616
2 616
616 617
2 617
617 618
2 618
618 619
2 619
619 620
2 620
620 621
2 621
621 622
2 622
622 623
2 623
623 624
2 624
624 625
2 625
625 626
2 626
626 627
2 627
627 628
2 628
628 629
2 629
629 630
2 630
630 631
2 631
631 632
2 632
632 633
2 633
633 634
2 634
634 635
2 635
635 636
2 636
636 637
2 637
637 638
2 638
638 639
2 639
639 640
2 640
640 641
2 641
641 642
2 642
642 643
2 643
643 644
2 644
644 645
2 645
645 646
2 646
646 647
2 647
647 648
2 648
648 649
2 649
649 650
2 650
650 651
2 651
651 652
2 652
652 653
2 653
653 654
2 654
654 655
2 655
655 656
2 656
656 657
2 657
657 658
2 658
658 659
2 659
659 660
2 660
660 661
2 661
661 662
2 662
662 663
2 663
663 664
2 664
664 665
2 665
665 666
2 666
666 667
2 667
667 668
2 668
668 669
2 669
669 670
2 670
670 671
2 671
671 672
2 672
672 673
2 673
673 674
2 674
674 675
2 675
675 676
2 676
676 677
2 677
677 678
2 678
678 679
2 679
679 680
2 680
680 681
2 681
681 682
2 682
682 683
2 683
683 684
2 684
684 685
2 685
685 686
2 686
686 687
2 687
687 688
2 688
688 689
2 689
689 690
2 690
690 691
2 691
691 692
2 692
692 693
2 693
693 694
2 694
694 695
2 695
695 696
2 696
696 697
2 697
697 698
2 698
698 699
2 699
699 700
2 700
700 701
2 701
701 702
2 702
702 703
2 703
703 704
2 704
704 705
2 705
705 706
2 706
706 707
2 707
707 708
2 708
708 709
2 709
709 710
2 710
710 711
2 711
711 712
2 712
712 713
2 713
713 714
2 714
714 715
2 715
715 716
2 716
716 717
2 717
717 718
2 718
718 719
2 719
719 720
2 720
720 721
2 721
721 722
2 722
722 723
2 723
723 724
2 724
724 725
2 725
725 726
2 726
726 727
2 727
727 728
2 728
728 729
2 729
729 730
2 730
730 731
2 731
731 732
2 732
732 733
2 733
733 734
2 734
734 735
2 735
735 736
2 736
736 737
2 737
737 738
2 738
738 739
2 739
739 740
2 740
740 741
2 741
741 742
2 742
742 743
2 743
743 744
2 744
744 745
2 745
745 746
2 746
746 747
2 747
747 748
2 748
748 749
2 749
749 750
2 750
750 751
2 751
751 752
2 752
752 753
2 753
753 754
2 754
754 755
2 755
755 756
2 756
756 757
2 757
757 758
2 758
758 759
2 759
759 760
2 760
760 761
2 761
761 762
2 762
762 763
2 763
763 764
2 764
764 765
2 765
765 766
2 766
766 767
2 767
767 768
2 768
768 769
2 769
769 770
2 770
770 771
2 771
771 772
2 772
772 773
2 773
773 774
2 774
774 775
2 775
775 776
2 776
776 777
2 777
777 778
2 778
778 779
2 779
779 780
2 780
780 781
2 781
781 782
2 782
782 783
2 783
783 784
2 784
784 785
2 785
785 786
2 786
786 787
2 787
787 788
2 788
788 789
2 789
789 790
2 790
790 791
2 791
791 792
2 792
792 793
2 793
793 794
2 794
794 795
2 795
795 796
2 796
796 797
2 797
797 798
2 798
798 799
2 799
799 800
2 800
800 801
2 801
801 802
2 802
802 803
2 803
803 804
2 804
804 805
2 805
805 806
2 806
806 807
2 807
807 808
2 808
808 809
2 809
809 810
2 810
810 811
2 811
811 812
2 812
1 813
1 814
813 814
814 815
813 815
815 816
813 816
816 817
813 817
817 818
813 818
818 819
813 819
819 820
813 820
820 821
813 821
821 822
813 822
822 823
813 823
823 824
813 824
824 825
813 825
825 826
813 826
826 827
813 827
827 828
813 828
828 829
813 829
829 830
813 830
830 831
813 831
831 832
813 832
832 833
813 833
833 834
813 834
834 835
813 835
835 836
813 836
836 837
813 837
837 838
813 838
838 839
813 839
839 840
813 840
840 841
813 841
841 842
813 842
1 843
1 844
843 844
844 845
843 845
845 846
843 846
846 847
843 847
847 848
843 848
1 849
1 850
1 851
1 852
1 853
1 854
1 855
1 856
