112 211
1 2
1 3
2 3
3 4
2 4
4 5
2 5
5 6
2 6
6 7
2 7
7 8
2 8
8 9
2 9
9 10
2 10
10 11
2 11
11 12
2 12
12 13
2 13
13 14
2 14
14 15
2 15
15 16
2 16
16 17
2 17
17 18
2 18
18 19
2 19
19 20
2 20
20 21
2 21
21 22
2 22
22 23
2 23
23 24
2 24
24 25
2 25
25 26
2 26
26 27
2 27
27 28
2 28
28 29
2 29
29 30
2 30
30 31
2 31
31 32
2 32
32 33
2 33
33 34
2 34
34 35
2 35
35 36
2 36
36 37
2 37
37 38
2 38
38 39
2 39
39 40
2 40
40 41
2 41
41 42
2 42
42 43
2 43
43 44
2 44
44 45
2 45
45 46
2 46
46 47
2 47
47 48
2 48
48 49
2 49
49 50
2 50
50 51
2 51
51 52
2 52
52 53
2 53
53 54
2 54
54 55
2 55
55 56
2 56
56 57
2 57
57 58
2 58
58 59
2 59
59 60
2 60
60 61
2 61
61 62
2 62
62 63
2 63
63 64
2 64
64 65
2 65
65 66
2 66
66 67
2 67
67 68
2 68
68 69
2 69
69 70
2 70
70 71
2 71
71 72
2 72
72 73
2 73
73 74
2 74
74 75
2 75
75 76
2 76
76 77
2 77
77 78
2 78
78 79
2 79
79 80
2 80
80 81
2 81
81 82
2 82
82 83
2 83
83 84
2 84
84 85
2 85
85 86
2 86
86 87
2 87
87 88
2 88
88 89
2 89
89 90
2 90
90 91
2 91
91 92
2 92
1 93
1 94
93 94
94 95
93 95
95 96
93 96
96 97
93 97
97 98
93 98
98 99
93 99
99 100
93 100
100 101
93 101
101 102
93 102
102 103
93 103
1 104
1 105
1 106
1 107
1 108
1 109
1 110
1 111
1 112
