311 610
1 2
1 3
2 3
3 4
2 4
4 5
2 5
5 6
2 6
6 7
2 7
7 8
2 8
8 9
2 9
9 10
2 10
10 11
2 11
11 12
2 12
12 13
2 13
13 14
2 14
14 15
2 15
15 16
2 16
16 17
2 17
17 18
2 18
18 19
2 19
19 20
2 20
20 21
2 21
21 22
2 22
22 23
2 23
23 24
2 24
24 25
2 25
25 26
2 26
26 27
2 27
27 28
2 28
28 29
2 29
29 30
2 30
30 31
2 31
31 32
2 32
32 33
2 33
33 34
2 34
34 35
2 35
35 36
2 36
36 37
2 37
37 38
2 38
38 39
2 39
39 40
2 40
40 41
2 41
41 42
2 42
42 43
2 43
43 44
2 44
44 45
2 45
45 46
2 46
46 47
2 47
47 48
2 48
48 49
2 49
49 50
2 50
50 51
2 51
51 52
2 52
52 53
2 53
53 54
2 54
54 55
2 55
55 56
2 56
56 57
2 57
57 58
2 58
58 59
2 59
59 60
2 60
60 61
2 61
61 62
2 62
62 63
2 63
63 64
2 64
64 65
2 65
65 66
2 66
66 67
2 67
67 68
2 68
68 69
2 69
69 70
2 70
70 71
2 71
71 72
2 72
72 73
2 73
73 74
2 74
74 75
2 75
75 76
2 76
76 77
2 77
77 78
2 78
78 79
2 79
79 80
2 80
80 81
2 81
81 82
2 82
82 83
2 83
83 84
2 84
84 85
2 85
85 86
2 86
86 87
2 87
87 88
2 88
88 89
2 89
89 90
2 90
90 91
2 91
91 92
2 92
92 93
2 93
93 94
2 94
94 95
2 95
95 96
2 96
96 97
2 97
97 98
2 98
98 99
2 99
99 100
2 100
100 101
2 101
101 102
2 102
102 103
2 103
103 104
2 104
104 105
2 105
105 106
2 106
106 107
2 107
107 108
2 108
108 109
2 109
109 110
2 110
110 111
2 111
111 112
2 112
112 113
2 113
113 114
2 114
114 115
2 115
115 116
2 116
116 117
2 117
117 118
2 118
118 119
2 119
119 120
2 120
120 121
2 121
121 122
2 122
122 123
2 123
123 124
2 124
124 125
2 125
125 126
2 126
126 127
2 127
127 128
2 128
128 129
2 129
129 130
2 130
130 131
2 131
131 132
2 132
132 133
2 133
133 134
2 134
134 135
2 135
135 136
2 136
136 137
2 137
137 138
2 138
138 139
2 139
139 140
2 140
140 141
2 141
141 142
2 142
142 143
2 143
143 144
2 144
144 145
2 145
145 146
2 146
146 147
2 147
147 148
2 148
148 149
2 149
149 150
2 150
150 151
2 151
151 152
2 152
152 153
2 153
153 154
2 154
154 155
2 155
155 156
2 156
156 157
2 157
157 158
2 158
158 159
2 159
159 160
2 160
160 161
2 161
161 162
2 162
162 163
2 163
163 164
2 164
164 165
2 165
165 166
2 166
166 167
2 167
167 168
2 168
168 169
2 169
169 170
2 170
170 171
2 171
171 172
2 172
172 173
2 173
173 174
2 174
174 175
2 175
175 176
2 176
176 177
2 177
177 178
2 178
178 179
2 179
179 180
2 180
180 181
2 181
181 182
2 182
182 183
2 183
183 184
2 184
184 185
2 185
185 186
2 186
186 187
2 187
187 188
2 188
188 189
2 189
189 190
2 190
190 191
2 191
191 192
2 192
192 193
2 193
193 194
2 194
194 195
2 195
195 196
2 196
196 197
2 197
197 198
2 198
198 199
2 199
199 200
2 200
200 201
2 201
201 202
2 202
202 203
2 203
203 204
2 204
204 205
2 205
205 206
2 206
206 207
2 207
207 208
2 208
208 209
2 209
209 210
2 210
210 211
2 211
211 212
2 212
212 213
2 213
213 214
2 214
214 215
2 215
215 216
2 216
216 217
2 217
217 218
2 218
218 219
2 219
219 220
2 220
220 221
2 221
221 222
2 222
222 223
2 223
223 224
2 224
224 225
2 225
225 226
2 226
226 227
2 227
227 228
2 228
228 229
2 229
229 230
2 230
230 231
2 231
231 232
2 232
232 233
2 233
233 234
2 234
234 235
2 235
235 236
2 236
236 237
2 237
237 238
2 238
238 239
2 239
239 240
2 240
240 241
2 241
241 242
2 242
242 243
2 243
243 244
2 244
244 245
2 245
245 246
2 246
246 247
2 247
247 248
2 248
248 249
2 249
249 250
2 250
250 251
2 251
251 252
2 252
252 253
2 253
253 254
2 254
254 255
2 255
255 256
2 256
256 257
2 257
257 258
2 258
258 259
2 259
259 260
2 260
260 261
2 261
261 262
2 262
262 263
2 263
263 264
2 264
264 265
2 265
265 266
2 266
266 267
2 267
267 268
2 268
268 269
2 269
269 270
2 270
270 271
2 271
271 272
2 272
272 273
2 273
273 274
2 274
274 275
2 275
275 276
2 276
276 277
2 277
277 278
2 278
278 279
2 279
279 280
2 280
280 281
2 281
281 282
2 282
282 283
2 283
283 284
2 284
284 285
2 285
285 286
2 286
286 287
2 287
287 288
2 288
288 289
2 289
289 290
2 290
290 291
2 291
291 292
2 292
292 293
2 293
1 294
1 295
294 295
295 296
294 296
296 297
294 297
297 298
294 298
298 299
294 299
299 300
294 300
300 301
294 301
1 302
1 303
302 303
303 304
302 304
1 305
1 306
1 307
1 308
1 309
1 310
1 311
